:
[0.413, 0.286, 0.350, 0.600]
:
[0.014, 0.359, 0.314, 0.600]
:
[0.389, 0.354, 0.350, 0.600]
:
[0.792, 0.523, 0.108, 0.047]
:
[0.396, 0.359, 0.350, 0.600]
:
[0.789, 0.779, 0.108, 0.150]
:
[0.788, 0.688, 0.108, 0.047]
:
[0.790, 0.702, 0.108, 0.047]
:
[0.790, 0.622, 0.108, 0.047]
:
[0.790, 0.622, 0.108, 0.047]
:
[0.789, 0.540, 0.108, 0.047]
:
[0.789, 0.540, 0.108, 0.047]
:
[0.788, 0.467, 0.108, 0.047]
:
[0.788, 0.305, 0.140, 0.140]
:
[0.059, 0.208, 0.160, 0.050]
:
[0.059, 0.158, 0.160, 0.050]
:
[0.079, 0.266, 0.160, 0.050]
:
[0.079, 0.212, 0.160, 0.050]
:
[0.079, 0.163, 0.160, 0.050]
:
[0.077, 0.112, 0.160, 0.050]
:
[0.078, 0.063, 0.160, 0.050]
:
[0.490, 0.091, 0.140, 0.140]
:
[0.793, 0.681, 0.108, 0.047]
:
[0.791, 0.756, 0.108, 0.150]
:
[0.791, 0.756, 0.108, 0.150]
:
[0.793, 0.681, 0.108, 0.047]
:
[0.790, 0.622, 0.108, 0.047]
:
[0.791, 0.622, 0.108, 0.047]
:
[0.793, 0.603, 0.108, 0.047]
:
[0.794, 0.603, 0.108, 0.047]
:
[0.793, 0.523, 0.108, 0.047]
:
[0.794, 0.435, 0.108, 0.047]
:
[0.014, 0.359, 0.314, 0.600]
:
[0.014, 0.359, 0.314, 0.600]
:
[0.015, 0.359, 0.314, 0.600]
:
[0.015, 0.359, 0.314, 0.600]
:
[0.793, 0.791, 0.108, 0.150]
:
[0.792, 0.653, 0.108, 0.047]
:
[0.792, 0.570, 0.108, 0.047]
:
[0.790, 0.491, 0.108, 0.047]
:
[0.797, 0.407, 0.108, 0.047]
:
[0.792, 0.570, 0.108, 0.047]
:
[0.792, 0.653, 0.108, 0.047]
:
[0.792, 0.570, 0.108, 0.047]
:
[0.792, 0.570, 0.108, 0.047]
:
[0.792, 0.653, 0.108, 0.047]


